# of concurrent sessions, frequency of occurence
1,0
2,1
3,1
4,1
5,1
6,1
7,1
8,1
9,1
10,1
11,1
12,1
13,1
14,1
15,1
16,1
17,1
18,1
19,1
20,1
21,1
22,1
23,1
24,1
25,1
26,1
27,1
28,1
29,1
30,1
31,1
32,1
33,1
34,1
35,1
36,1
37,1
38,1
39,1
40,1
41,1
42,1
43,1
44,1
45,1
46,1
47,1
48,1
49,1
50,1
51,1
52,1
53,1
54,1
55,1
56,1
57,1
58,1
59,2
60,2
61,1
62,1
63,1
64,2
65,1
66,2
67,1
68,1
69,1
70,1
71,1
72,1
73,1
74,2
75,1
76,1
77,1
78,3
79,2
80,1
81,1
82,1
83,4
84,3
85,1
86,1
87,2
88,2
89,2
90,1
91,3
92,2
93,1
94,1
95,1
96,1
97,1
98,1
99,1
100,2
101,1
102,1
103,1
104,1
105,1
106,1
107,1
108,1
109,1
110,1
111,1
112,1
113,1
114,2
115,3
116,4
117,1
118,1
119,4
120,1
121,1
122,1
123,1
124,2
125,3
126,6
127,4
128,4
129,3
130,7
131,2
132,1
133,1
134,2
135,4
136,2
137,3
138,3
139,2
140,1
141,1
142,1
143,1
144,2
145,1
146,2
147,1
148,2
149,1
150,1
151,1
152,1
153,4
154,5
155,4
156,3
157,6
158,1
159,1
160,1
161,1
162,1
163,1
164,1
165,1
166,1
167,1
168,1
169,4
170,5
171,6
172,2
173,1
174,3
175,5
176,1
177,1
178,2
179,1
180,1
181,2
182,1
183,1
184,1
185,1
186,1
187,2
188,1
189,1
190,2
191,2
192,2
193,8
194,5
195,5
196,5
197,2
198,3
199,2
200,2
201,2
202,1
203,1
204,1
205,4
206,5
207,1
208,1
209,2
210,4
211,2
212,3
213,3
214,1
215,1
216,1
217,1
218,1
219,1
220,2
221,5
222,4
223,3
224,4
225,9
226,10
227,13
228,11
229,10
230,14
231,25
232,24
233,17
234,24
235,15
236,14
237,11
238,12
239,8
240,4
241,3
242,11
243,5
244,2
245,3
246,2
247,2
248,2
249,2
250,2
251,3
252,5
253,9
254,9
255,3
256,3
257,3
258,5
259,6
260,9
261,9
262,12
263,16
264,25
265,20
266,17
267,15
268,16
269,8
270,12
271,19
272,31
273,24
274,26
275,25
276,32
277,24
278,9
279,8
280,7
281,5
282,3
283,5
284,3
285,1
286,1
287,2
288,2
289,1
290,1
291,3
292,3
293,3
294,3
295,1
296,1
297,2
298,3
299,2
300,5
301,6
302,11
303,20
304,20
305,10
306,13
307,16
308,21
309,28
310,34
311,29
312,23
313,20
314,23
315,19
316,16
317,23
318,30
319,48
320,46
321,42
322,39
323,47
324,56
325,71
326,88
327,70
328,78
329,73
330,76
331,84
332,98
333,89
334,75
335,81
336,80
337,95
338,131
339,129
340,131
341,120
342,105
343,94
344,71
345,91
346,98
347,98
348,96
349,85
350,74
351,89
352,103
353,144
354,179
355,210
356,218
357,202
358,220
359,223
360,218
361,217
362,199
363,165
364,156
365,140
366,168
367,170
368,159
369,182
370,192
371,142
372,148
373,132
374,112
375,92
376,94
377,100
378,99
379,83
380,57
381,44
382,55
383,49
384,51
385,62
386,66
387,61
388,51
389,35
390,24
391,18
392,14
393,13
394,16
395,15
396,20
397,21
398,21
399,22
400,13
401,8
402,7
403,13
404,16
405,9
406,9
407,7
408,5
409,3
410,3
411,3
412,2
413,1
414,1
415,3
416,2
417,2
418,4
419,7
420,12
421,14
422,17
423,18
424,22
425,27
426,35
427,28
428,26
429,33
430,21
431,14
432,17
433,17
434,17
435,19
436,25
437,15
438,14
439,9
440,13
441,15
442,10
443,7
444,9
445,9
446,8
447,7
448,5
449,4
450,3
451,1
452,0
453,0
454,0
455,0
456,0
457,0
458,0
459,0
460,0
461,0
462,0
463,0
464,0
465,0
466,0
467,0
468,0
469,0
470,0
471,0
472,0
473,0
474,0
475,0
476,0
477,0
478,0
479,0
480,0
481,0
482,0
483,0
484,0
485,0
486,0
487,0
488,0
489,0
490,0
491,0
492,0
493,0
494,0
495,0
496,0
497,0
498,0
499,0
500,0
501,0
502,0
503,0
504,0
505,0
506,0
507,0
508,0
509,0
510,0
511,0
512,0
513,0
514,0
515,0
516,0
517,0
518,0
519,0
520,0
521,0
522,0
523,0
524,0
525,0
526,0
527,0
528,0
529,0
530,0
531,0
532,0
533,0
534,0
535,0
536,0
537,0
538,0
539,0
540,0
541,0
542,0
543,0
544,0
545,0
546,0
547,0
548,0
549,0
550,0
551,0
552,0
553,0
554,0
555,0
556,0
557,0
558,0
559,0
560,0
561,0
562,0
563,0
564,0
565,0
566,0
567,0
568,0
569,0
570,0
571,0
572,0
573,0
574,0
575,0
576,0
577,0
578,0
579,0
580,0
581,0
582,0
583,0
584,0
585,0
586,0
587,0
588,0
589,0
590,0
591,0
592,0
593,0
594,0
595,0
596,0
597,0
598,0
599,0
600,0
601,0
602,0
603,0
604,0
605,0
606,0
607,0
608,0
609,0
610,0
611,0
612,0
613,0
614,0
615,0
616,0
617,0
618,0
619,0
620,0
621,0
622,0
623,0
624,0
625,0
626,0
627,0
628,0
629,0
630,0
631,0
632,0
633,0
634,0
635,0
636,0
637,0
638,0
639,0
640,0
641,0
642,0
643,0
644,0
645,0
646,0
647,0
648,0
649,0
650,0
651,0
652,0
653,0
654,0
655,0
656,0
657,0
658,0
659,0
660,0
661,0
662,0
663,0
664,0
665,0
666,0
667,0
668,0
669,0
670,0
671,0
672,0
673,0
674,0
675,0
676,0
677,0
678,0
679,0
680,0
681,0
682,0
683,0
684,0
685,0
686,0
687,0
688,0
689,0
690,0
691,0
692,0
693,0
694,0
695,0
696,0
697,0
698,0
699,0
700,0
701,0
702,0
703,0
704,0
705,0
706,0
707,0
708,0
709,0
710,0
711,0
712,0
713,0
714,0
715,0
716,0
717,0
718,0
719,0
720,0
721,0
722,0
723,0
724,0
725,0
726,0
727,0
728,0
729,0
730,0
731,0
732,0
733,0
734,0
735,0
736,0
737,0
738,0
739,0
740,0
741,0
742,0
743,0
744,0
745,0
746,0
747,0
748,0
749,0
750,0
751,0
752,0
753,0
754,0
755,0
756,0
757,0
758,0
759,0
760,0
761,0
762,0
763,0
764,0
765,0
766,0
767,0
768,0
769,0
770,0
771,0
772,0
773,0
774,0
775,0
776,0
777,0
778,0
779,0
780,0
781,0
782,0
783,0
784,0
785,0
786,0
787,0
788,0
789,0
790,0
791,0
792,0
793,0
794,0
795,0
796,0
797,0
798,0
799,0
800,0
801,0
802,0
803,0
804,0
805,0
806,0
807,0
808,0
809,0
810,0
811,0
812,0
813,0
814,0
815,0
816,0
817,0
818,0
819,0
820,0
821,0
822,0
823,0
824,0
825,0
826,0
827,0
828,0
829,0
830,0
831,0
832,0
833,0
834,0
835,0
836,0
837,0
838,0
839,0
840,0
841,0
842,0
843,0
844,0
845,0
846,0
847,0
848,0
849,0
850,0
851,0
852,0
853,0
854,0
855,0
856,0
857,0
858,0
859,0
860,0
861,0
862,0
863,0
864,0
865,0
866,0
867,0
868,0
869,0
870,0
871,0
872,0
873,0
874,0
875,0
876,0
877,0
878,0
879,0
880,0
881,0
882,0
883,0
884,0
885,0
886,0
887,0
888,0
889,0
890,0
891,0
892,0
893,0
894,0
895,0
896,0
897,0
898,0
899,0
900,0
901,0
902,0
903,0
904,0
905,0
906,0
907,0
908,0
909,0
910,0
911,0
912,0
913,0
914,0
915,0
916,0
917,0
918,0
919,0
920,0
921,0
922,0
923,0
924,0
925,0
926,0
927,0
928,0
929,0
930,0
931,0
932,0
933,0
934,0
935,0
936,0
937,0
938,0
939,0
940,0
941,0
942,0
943,0
944,0
945,0
946,0
947,0
948,0
949,0
950,0
951,0
952,0
953,0
954,0
955,0
956,0
957,0
958,0
959,0
960,0
961,0
962,0
963,0
964,0
965,0
966,0
967,0
968,0
969,0
970,0
971,0
972,0
973,0
974,0
975,0
976,0
977,0
978,0
979,0
980,0
981,0
982,0
983,0
984,0
985,0
986,0
987,0
988,0
989,0
990,0
991,0
992,0
993,0
994,0
995,0
996,0
997,0
998,0
999,0
1000,0
